    0 3801129273 1.00000000e+00 2.02495554e-09
    1          0 9.38143671e-01 1.48667398e-11
    2 2615860924 9.00469959e-01 2.44096167e-11
    3 3279400049 8.71704340e-01 3.19688061e-11
    4 3571300752 8.47785473e-01 3.84467701e-11
    5 3733536696 8.26993287e-01 4.42282044e-11
    6 3836274812 8.08421671e-01 4.95164430e-11
    7 3906990442 7.91527629e-01 5.44335896e-11
    8 3958562475 7.75956869e-01 5.90594379e-11
    9 3997804264 7.61463404e-01 6.34494193e-11
   10 4028649213 7.47868598e-01 6.76438142e-11
   11 4053523342 7.35038102e-01 7.16729454e-11
   12 4074002619 7.22867668e-01 7.55603219e-11
   13 4091154507 7.11274743e-01 7.93245816e-11
   14 4105727352 7.00192630e-01 8.29807889e-11
   15 4118261130 6.89566493e-01 8.65413227e-11
   16 4129155133 6.79350555e-01 9.00165151e-11
   17 4138710916 6.69506311e-01 9.34150743e-11
   18 4147160435 6.60000861e-01 9.67444319e-11
   19 4154685009 6.50805831e-01 1.00010993e-10
   20 4161428406 6.41896725e-01 1.03220314e-10
   21 4167506077 6.33251965e-01 1.06377254e-10
   22 4173011791 6.24852717e-01 1.09486115e-10
   23 4178022498 6.16682172e-01 1.12550677e-10
   24 4182601930 6.08725369e-01 1.15574349e-10
   25 4186803325 6.00968957e-01 1.18560148e-10
   26 4190671498 5.93400896e-01 1.21510829e-10
   27 4194244443 5.86010337e-01 1.24428856e-10
   28 4197554582 5.78787386e-01 1.27316477e-10
   29 4200629752 5.71723044e-01 1.30175745e-10
   30 4203493986 5.64809203e-01 1.33008535e-10
   31 4206168142 5.58038294e-01 1.35816566e-10
   32 4208670408 5.51403403e-01 1.38601422e-10
   33 4211016720 5.44898212e-01 1.41364573e-10
   34 4213221098 5.38516879e-01 1.44107379e-10
   35 4215295924 5.32253861e-01 1.46831075e-10
   36 4217252177 5.26104212e-01 1.49536869e-10
   37 4219099625 5.20063162e-01 1.52225829e-10
   38 4220846988 5.14126420e-01 1.54898996e-10
   39 4222502074 5.08289754e-01 1.57557328e-10
   40 4224071896 5.02549529e-01 1.60201713e-10
   41 4225562770 4.96901989e-01 1.62833011e-10
   42 4226980400 4.91343856e-01 1.65452027e-10
   43 4228329951 4.85872000e-01 1.68059511e-10
   44 4229616109 4.80483353e-01 1.70656170e-10
   45 4230843138 4.75175202e-01 1.73242698e-10
   46 4232014925 4.69944835e-01 1.75819734e-10
   47 4233135020 4.64789748e-01 1.78387874e-10
   48 4234206673 4.59707618e-01 1.80947743e-10
   49 4235232866 4.54696149e-01 1.83499854e-10
   50 4236216336 4.49753255e-01 1.86044763e-10
   51 4237159604 4.44876879e-01 1.88582983e-10
   52 4238064994 4.40065116e-01 1.91114985e-10
   53 4238934652 4.35316116e-01 1.93641256e-10
   54 4239770563 4.30628151e-01 1.96162225e-10
   55 4240574564 4.25999552e-01 1.98678352e-10
   56 4241348362 4.21428740e-01 2.01190037e-10
   57 4242093539 4.16914195e-01 2.03697684e-10
   58 4242811568 4.12454456e-01 2.06201681e-10
   59 4243503822 4.08048183e-01 2.08702403e-10
   60 4244171579 4.03694004e-01 2.11200224e-10
   61 4244816032 3.99390697e-01 2.13695506e-10
   62 4245438297 3.95136982e-01 2.16188553e-10
   63 4246039419 3.90931726e-01 2.18679741e-10
   64 4246620374 3.86773825e-01 2.21169361e-10
   65 4247182079 3.82662177e-01 2.23657745e-10
   66 4247725394 3.78595769e-01 2.26145200e-10
   67 4248251127 3.74573559e-01 2.28632016e-10
   68 4248760037 3.70594651e-01 2.31118499e-10
   69 4249252839 3.66658092e-01 2.33604941e-10
   70 4249730206 3.62762988e-01 2.36091591e-10
   71 4250192773 3.58908474e-01 2.38578740e-10
   72 4250641138 3.55093747e-01 2.41066667e-10
   73 4251075867 3.51318002e-01 2.43555620e-10
   74 4251497493 3.47580492e-01 2.46045878e-10
   75 4251906522 3.43880445e-01 2.48537690e-10
   76 4252303431 3.40217143e-01 2.51031279e-10
   77 4252688672 3.36589903e-01 2.53526949e-10
   78 4253062674 3.32998067e-01 2.56024896e-10
   79 4253425844 3.29440951e-01 2.58525396e-10
   80 4253778565 3.25917959e-01 2.61028671e-10
   81 4254121205 3.22428495e-01 2.63534944e-10
   82 4254454110 3.18971902e-01 2.66044464e-10
   83 4254777611 3.15547675e-01 2.68557454e-10
   84 4255092022 3.12155247e-01 2.71074163e-10
   85 4255397640 3.08794081e-01 2.73594786e-10
   86 4255694750 3.05463612e-01 2.76119599e-10
   87 4255983622 3.02163392e-01 2.78648771e-10
   88 4256264513 2.98892915e-01 2.81182549e-10
   89 4256537670 2.95651704e-01 2.83721185e-10
   90 4256803325 2.92439282e-01 2.86264845e-10
   91 4257061702 2.89255232e-01 2.88813806e-10
   92 4257313014 2.86099076e-01 2.91368263e-10
   93 4257557464 2.82970428e-01 2.93928409e-10
   94 4257795244 2.79868841e-01 2.96494523e-10
   95 4258026541 2.76793927e-01 2.99066771e-10
   96 4258251531 2.73745298e-01 3.01645403e-10
   97 4258470383 2.70722598e-01 3.04230641e-10
   98 4258683258 2.67725408e-01 3.06822678e-10
   99 4258890309 2.64753431e-01 3.09421766e-10
  100 4259091685 2.61806250e-01 3.12028126e-10
  101 4259287526 2.58883536e-01 3.14641951e-10
  102 4259477966 2.55985022e-01 3.17263521e-10
  103 4259663135 2.53110290e-01 3.19893001e-10
  104 4259843154 2.50259072e-01 3.22530641e-10
  105 4260018142 2.47431070e-01 3.25176691e-10
  106 4260188212 2.44625971e-01 3.27831345e-10
  107 4260353470 2.41843462e-01 3.30494854e-10
  108 4260514019 2.39083290e-01 3.33167438e-10
  109 4260669958 2.36345157e-01 3.35849376e-10
  110 4260821380 2.33628780e-01 3.38540834e-10
  111 4260968374 2.30933920e-01 3.41242118e-10
  112 4261111028 2.28260294e-01 3.43953421e-10
  113 4261249421 2.25607663e-01 3.46674994e-10
  114 4261383632 2.22975761e-01 3.49407114e-10
  115 4261513736 2.20364377e-01 3.52150031e-10
  116 4261639802 2.17773244e-01 3.54903967e-10
  117 4261761900 2.15202153e-01 3.57669172e-10
  118 4261880092 2.12650865e-01 3.60445951e-10
  119 4261994441 2.10119158e-01 3.63234554e-10
  120 4262105003 2.07606822e-01 3.66035202e-10
  121 4262211835 2.05113649e-01 3.68848230e-10
  122 4262314988 2.02639446e-01 3.71673858e-10
  123 4262414513 2.00183973e-01 3.74512393e-10
  124 4262510454 1.97747067e-01 3.77364112e-10
  125 4262602857 1.95328519e-01 3.80229292e-10
  126 4262691764 1.92928150e-01 3.83108267e-10
  127 4262777212 1.90545768e-01 3.86001286e-10
  128 4262859239 1.88181207e-01 3.88908655e-10
  129 4262937878 1.85834259e-01 3.91830707e-10
  130 4263013162 1.83504790e-01 3.94767746e-10
  131 4263085118 1.81192607e-01 3.97720079e-10
  132 4263153776 1.78897545e-01 4.00688038e-10
  133 4263219158 1.76619455e-01 4.03671957e-10
  134 4263281289 1.74358174e-01 4.06672168e-10
  135 4263340187 1.72113538e-01 4.09689005e-10
  136 4263395872 1.69885397e-01 4.12722856e-10
  137 4263448358 1.67673618e-01 4.15774054e-10
  138 4263497660 1.65478036e-01 4.18842960e-10
  139 4263543789 1.63298532e-01 4.21929935e-10
  140 4263586755 1.61134943e-01 4.25035396e-10
  141 4263626565 1.58987135e-01 4.28159702e-10
  142 4263663224 1.56854987e-01 4.31303299e-10
  143 4263696735 1.54738367e-01 4.34466518e-10
  144 4263727099 1.52637139e-01 4.37649861e-10
  145 4263754314 1.50551185e-01 4.40853687e-10
  146 4263778377 1.48480371e-01 4.44078468e-10
  147 4263799282 1.46424592e-01 4.47324650e-10
  148 4263817020 1.44383729e-01 4.50592674e-10
  149 4263831582 1.42357647e-01 4.53883015e-10
  150 4263842955 1.40346244e-01 4.57196198e-10
  151 4263851124 1.38349429e-01 4.60532668e-10
  152 4263856071 1.36367068e-01 4.63892924e-10
  153 4263857776 1.34399071e-01 4.67277550e-10
  154 4263856218 1.32445320e-01 4.70686989e-10
  155 4263851370 1.30505741e-01 4.74121908e-10
  156 4263843206 1.28580198e-01 4.77582751e-10
  157 4263831695 1.26668632e-01 4.81070184e-10
  158 4263816804 1.24770917e-01 4.84584817e-10
  159 4263798497 1.22886978e-01 4.88127150e-10
  160 4263776735 1.21016718e-01 4.91697960e-10
  161 4263751476 1.19160056e-01 4.95297747e-10
  162 4263722676 1.17316902e-01 4.98927288e-10
  163 4263690284 1.15487166e-01 5.02587250e-10
  164 4263654251 1.13670766e-01 5.06278353e-10
  165 4263614520 1.11867629e-01 5.10001319e-10
  166 4263571032 1.10077679e-01 5.13756870e-10
  167 4263523724 1.08300827e-01 5.17545840e-10
  168 4263472530 1.06537007e-01 5.21369004e-10
  169 4263417377 1.04786143e-01 5.25227251e-10
  170 4263358192 1.03048161e-01 5.29121358e-10
  171 4263294892 1.01323001e-01 5.33052213e-10
  172 4263227394 9.96105820e-02 5.37020817e-10
  173 4263155608 9.79108512e-02 5.41028056e-10
  174 4263079437 9.62237418e-02 5.45074985e-10
  175 4262998781 9.45491865e-02 5.49162493e-10
  176 4262913534 9.28871334e-02 5.53291801e-10
  177 4262823581 9.12375152e-02 5.57463853e-10
  178 4262728804 8.96002799e-02 5.61679925e-10
  179 4262629075 8.79753754e-02 5.65941072e-10
  180 4262524261 8.63627419e-02 5.70248571e-10
  181 4262414220 8.47623274e-02 5.74603698e-10
  182 4262298801 8.31740946e-02 5.79007731e-10
  183 4262177846 8.15979838e-02 5.83462112e-10
  184 4262051187 8.00339505e-02 5.87968230e-10
  185 4261918645 7.84819499e-02 5.92527583e-10
  186 4261780032 7.69419447e-02 5.97141725e-10
  187 4261635148 7.54138902e-02 6.01812211e-10
  188 4261483780 7.38977492e-02 6.06540818e-10
  189 4261325704 7.23934844e-02 6.11329209e-10
  190 4261160681 7.09010586e-02 6.16179330e-10
  191 4260988457 6.94204345e-02 6.21092955e-10
  192 4260808763 6.79515898e-02 6.26072194e-10
  193 4260621313 6.64944947e-02 6.31119157e-10
  194 4260425802 6.50491193e-02 6.36235953e-10
  195 4260221905 6.36154339e-02 6.41424969e-10
  196 4260009277 6.21934161e-02 6.46688536e-10
  197 4259787550 6.07830472e-02 6.52029264e-10
  198 4259556329 5.93843050e-02 6.57449761e-10
  199 4259315195 5.79971746e-02 6.62952859e-10
  200 4259063697 5.66216409e-02 6.68541555e-10
  201 4258801357 5.52576892e-02 6.74218792e-10
  202 4258527656 5.39053120e-02 6.79988010e-10
  203 4258242044 5.25644943e-02 6.85852597e-10
  204 4257943926 5.12352362e-02 6.91816160e-10
  205 4257632664 4.99175340e-02 6.97882585e-10
  206 4257307571 4.86113839e-02 7.04055980e-10
  207 4256967906 4.73167934e-02 7.10340675e-10
  208 4256612870 4.60337624e-02 7.16741222e-10
  209 4256241598 4.47622985e-02 7.23262561e-10
  210 4255853155 4.35024127e-02 7.29909855e-10
  211 4255446525 4.22541238e-02 7.36688599e-10
  212 4255020608 4.10174429e-02 7.43604733e-10
  213 4254574202 3.97923924e-02 7.50664531e-10
  214 4254106002 3.85789946e-02 7.57874763e-10
  215 4253614578 3.73772830e-02 7.65242647e-10
  216 4253098370 3.61872837e-02 7.72775954e-10
  217 4252555662 3.50090377e-02 7.80483012e-10
  218 4251984571 3.38425823e-02 7.88372811e-10
  219 4251383021 3.26879621e-02 7.96455069e-10
  220 4250748722 3.15452330e-02 8.04740219e-10
  221 4250079132 3.04144435e-02 8.13239642e-10
  222 4249371435 2.92956606e-02 8.21965718e-10
  223 4248622490 2.81889495e-02 8.30931879e-10
  224 4247828790 2.70943847e-02 8.40152781e-10
  225 4246986404 2.60120463e-02 8.49644521e-10
  226 4246090910 2.49420255e-02 8.59424698e-10
  227 4245137315 2.38844212e-02 8.69512740e-10
  228 4244119963 2.28393357e-02 8.79930073e-10
  229 4243032411 2.18068883e-02 8.90700458e-10
  230 4241867296 2.07872037e-02 9.01850317e-10
  231 4240616155 1.97804235e-02 9.13409182e-10
  232 4239269214 1.87867004e-02 9.25410082e-10
  233 4237815118 1.78062003e-02 9.37890432e-10
  234 4236240596 1.68391075e-02 9.50892254e-10
  235 4234530035 1.58856213e-02 9.64463842e-10
  236 4232664930 1.49459681e-02 9.78660264e-10
  237 4230623176 1.40203917e-02 9.93544802e-10
  238 4228378137 1.31091652e-02 1.00919129e-09
  239 4225897409 1.22125922e-02 1.02568598e-09
  240 4223141146 1.13310134e-02 1.04313058e-09
  241 4220059768 1.04648098e-02 1.06164655e-09
  242 4216590757 9.61441360e-03 1.08137999e-09
  243 4212654085 8.78031459e-03 1.10250964e-09
  244 4208145538 7.96307717e-03 1.12525644e-09
  245 4202926710 7.16335326e-03 1.14989862e-09
  246 4196809522 6.38190610e-03 1.17679322e-09
  247 4189531420 5.61964232e-03 1.20640897e-09
  248 4180713890 4.87765577e-03 1.23937860e-09
  249 4169789475 4.15729498e-03 1.27658495e-09
  250 4155865042 3.46026476e-03 1.31931388e-09
  251 4137444620 2.78879888e-03 1.36954348e-09
  252 4111806704 2.14596768e-03 1.43054979e-09
  253 4073393724 1.53629982e-03 1.50836499e-09
  254 4008685917 9.67269298e-04 1.61608538e-09
  255 3873074895 4.54134366e-04 1.79212478e-09
