    0 1991057938 1.00000000e+00 1.72904047e-09
    1          0 9.63599682e-01 1.26809285e-10
    2 1611602771 9.36282694e-01 1.68975181e-10
    3 1826899878 9.13043618e-01 1.98626879e-10
    4 1918584482 8.92281651e-01 2.22324312e-10
    5 1969227037 8.73243034e-01 2.42449366e-10
    6 2001281515 8.55500579e-01 2.60161309e-10
    7 2023368125 8.38783622e-01 2.76119877e-10
    8 2039498179 8.22907209e-01 2.90739627e-10
    9 2051788381 8.07738304e-01 3.04299697e-10
   10 2061460127 7.93177009e-01 3.16997956e-10
   11 2069267110 7.79146075e-01 3.28980204e-10
   12 2075699398 7.65584171e-01 3.40357381e-10
   13 2081089314 7.52441585e-01 3.51216028e-10
   14 2085670119 7.39677250e-01 3.61625091e-10
   15 2089610331 7.27256894e-01 3.71640579e-10
   16 2093034710 7.15151489e-01 3.81308568e-10
   17 2096037586 7.03336120e-01 3.90667582e-10
   18 2098691595 6.91789150e-01 3.99750122e-10
   19 2101053571 6.80491865e-01 4.08584000e-10
   20 2103168620 6.69427693e-01 4.17193086e-10
   21 2105072996 6.58581972e-01 4.25598223e-10
   22 2106796166 6.47941828e-01 4.33817593e-10
   23 2108362327 6.37495458e-01 4.41867209e-10
   24 2109791536 6.27232492e-01 4.49761312e-10
   25 2111100552 6.17143393e-01 4.57512583e-10
   26 2112303493 6.07219517e-01 4.65132405e-10
   27 2113412330 5.97453177e-01 4.72631045e-10
   28 2114437283 5.87837040e-01 4.80017748e-10
   29 2115387130 5.78364670e-01 4.87300977e-10
   30 2116269447 5.69029987e-01 4.94488506e-10
   31 2117090813 5.59827387e-01 5.01587327e-10
   32 2117856962 5.50751805e-01 5.08604048e-10
   33 2118572919 5.41798353e-01 5.15544607e-10
   34 2119243101 5.32962680e-01 5.22414667e-10
   35 2119871411 5.24240553e-01 5.29219335e-10
   36 2120461303 5.15628219e-01 5.35963496e-10
   37 2121015852 5.07122040e-01 5.42651701e-10
   38 2121537798 4.98718649e-01 5.49288171e-10
   39 2122029592 4.90414828e-01 5.55876956e-10
   40 2122493434 4.82207656e-01 5.62421887e-10
   41 2122931299 4.74094301e-01 5.68926461e-10
   42 2123344971 4.66072142e-01 5.75394121e-10
   43 2123736059 4.58138704e-01 5.81828197e-10
   44 2124106020 4.50291634e-01 5.88231686e-10
   45 2124456175 4.42528725e-01 5.94607696e-10
   46 2124787725 4.34847832e-01 6.00959005e-10
   47 2125101763 4.27246988e-01 6.07288386e-10
   48 2125399283 4.19724345e-01 6.13598505e-10
   49 2125681194 4.12278026e-01 6.19892027e-10
   50 2125948325 4.04906422e-01 6.26171337e-10
   51 2126201433 3.97607863e-01 6.32439046e-10
   52 2126441213 3.90380800e-01 6.38697373e-10
   53 2126668298 3.83223802e-01 6.44948817e-10
   54 2126883268 3.76135468e-01 6.51195597e-10
   55 2127086657 3.69114459e-01 6.57440047e-10
   56 2127278949 3.62159491e-01 6.63684330e-10
   57 2127460589 3.55269372e-01 6.69930722e-10
   58 2127631985 3.48442972e-01 6.76181444e-10
   59 2127793506 3.41679156e-01 6.82438717e-10
   60 2127945490 3.34976852e-01 6.88704649e-10
   61 2128088244 3.28335106e-01 6.94981517e-10
   62 2128222044 3.21752906e-01 7.01271485e-10
   63 2128347141 3.15229386e-01 7.07576775e-10
   64 2128463758 3.08763623e-01 7.13899662e-10
   65 2128572095 3.02354842e-01 7.20242421e-10
   66 2128672327 2.96002150e-01 7.26607274e-10
   67 2128764606 2.89704859e-01 7.32996608e-10
   68 2128849065 2.83462197e-01 7.39412809e-10
   69 2128925811 2.77273506e-01 7.45858264e-10
   70 2128994934 2.71138072e-01 7.52335472e-10
   71 2129056501 2.65055299e-01 7.58846985e-10
   72 2129110560 2.59024560e-01 7.65395414e-10
   73 2129157136 2.53045291e-01 7.71983477e-10
   74 2129196237 2.47116953e-01 7.78613951e-10
   75 2129227847 2.41238996e-01 7.85289722e-10
   76 2129251929 2.35410944e-01 7.92013788e-10
   77 2129268426 2.29632318e-01 7.98789201e-10
   78 2129277255 2.23902702e-01 8.05619238e-10
   79 2129278312 2.18221650e-01 8.12507284e-10
   80 2129271467 2.12588772e-01 8.19456891e-10
   81 2129256561 2.07003713e-01 8.26471669e-10
   82 2129233410 2.01466113e-01 8.33555558e-10
   83 2129201800 1.95975646e-01 8.40712722e-10
   84 2129161480 1.90532044e-01 8.47947323e-10
   85 2129112170 1.85134992e-01 8.55264026e-10
   86 2129053545 1.79784268e-01 8.62667549e-10
   87 2128985244 1.74479634e-01 8.70163164e-10
   88 2128906855 1.69220895e-01 8.77756201e-10
   89 2128817916 1.64007857e-01 8.85452434e-10
   90 2128717911 1.58840373e-01 8.93258190e-10
   91 2128606255 1.53718308e-01 9.01179964e-10
   92 2128482298 1.48641571e-01 9.09224973e-10
   93 2128345305 1.43610075e-01 9.17400822e-10
   94 2128194452 1.38623774e-01 9.25715837e-10
   95 2128028813 1.33682653e-01 9.34178845e-10
   96 2127847342 1.28786713e-01 9.42799727e-10
   97 2127648860 1.23935983e-01 9.51588919e-10
   98 2127432031 1.19130544e-01 9.60557855e-10
   99 2127195339 1.14370510e-01 9.69719305e-10
  100 2126937058 1.09656021e-01 9.79086923e-10
  101 2126655214 1.04987256e-01 9.88676030e-10
  102 2126347546 1.00364439e-01 9.98503613e-10
  103 2126011445 9.57878456e-02 1.00858821e-09
  104 2125643893 9.12578031e-02 1.01895092e-09
  105 2125241376 8.67746696e-02 1.02961506e-09
  106 2124799783 8.23388994e-02 1.04060693e-09
  107 2124314271 7.79509842e-02 1.05195663e-09
  108 2123779094 7.36115053e-02 1.06369802e-09
  109 2123187386 6.93211183e-02 1.07587017e-09
  110 2122530867 6.50805831e-02 1.08851828e-09
  111 2121799464 6.08907714e-02 1.10169474e-09
  112 2120980787 5.67526631e-02 1.11546106e-09
  113 2120059418 5.26674017e-02 1.12989018e-09
  114 2119015917 4.86362949e-02 1.14506959e-09
  115 2117825402 4.46608625e-02 1.16110521e-09
  116 2116455471 4.07428667e-02 1.17812760e-09
  117 2114863093 3.68843898e-02 1.19629950e-09
  118 2112989789 3.30878869e-02 1.21582866e-09
  119 2110753906 2.93563176e-02 1.23698563e-09
  120 2108037662 2.56932918e-02 1.26013233e-09
  121 2104664315 2.21033040e-02 1.28576971e-09
  122 2100355223 1.85921025e-02 1.31462019e-09
  123 2094642347 1.51672978e-02 1.34778400e-09
  124 2086670106 1.18394783e-02 1.38706358e-09
  125 2074676188 8.62448476e-03 1.43574030e-09
  126 2054300022 5.54899499e-03 1.50086588e-09
  127 2010539237 2.66962918e-03 1.60309477e-09
